temperature	new_r_diff	current_r_diff	swapped
14.3783	320.942	321.168	1
14.364	322.463	320.942	1
14.3496	322.792	322.463	1
14.3352	324.25	322.792	1
14.3209	318.558	324.25	1
14.3066	311.602	318.558	1
14.2923	304.723	311.602	1
14.278	297.441	304.723	1
14.2637	298.691	297.441	1
14.2494	291.815	298.691	1
14.2352	289.51	291.815	1
14.221	282.162	289.51	1
14.2067	277.336	282.162	1
14.1925	278.257	277.336	1
14.1783	276.107	278.257	1
14.1642	279.463	276.107	1
14.15	277.092	279.463	1
14.1358	269.546	277.092	1
14.1217	262.774	269.546	1
14.1076	268.883	262.774	1
14.0935	274.649	268.883	1
14.0794	280.512	274.649	1
14.0653	282.466	280.512	1
14.0512	282.216	282.466	1
14.0372	287.353	282.216	1
14.0232	286.991	287.353	1
14.0091	293.008	286.991	0
13.9951	288.931	286.991	1
13.9811	284.506	288.931	1
13.9671	281.088	284.506	1
13.9532	275.044	281.088	1
13.9392	273.646	275.044	1
13.9253	273.115	273.646	1
13.9114	278.867	273.115	0
13.8974	270.939	273.115	1
13.8836	274.947	270.939	0
13.8697	263.373	270.939	1
13.8558	269.566	263.373	1
13.8419	265.029	269.566	1
13.8281	265.54	265.029	1
13.8143	263.915	265.54	1
13.8005	265.048	263.915	1
13.7867	271.922	265.048	1
13.7729	279.43	271.922	1
13.7591	279.187	279.43	1
13.7453	278.23	279.187	1
13.7316	277.395	278.23	1
13.7179	275.455	277.395	1
13.7041	276.01	275.455	1
13.6904	270.812	276.01	1
13.6767	271.433	270.812	1
13.6631	267.974	271.433	1
13.6494	269.372	267.974	1
13.6358	261.739	269.372	1
13.6221	266.741	261.739	1
13.6085	269.631	266.741	1
13.5949	268.391	269.631	1
13.5813	270.449	268.391	0
13.5677	269.817	268.391	1
13.5541	275.7	269.817	1
13.5406	281.496	275.7	0
13.5271	274.207	275.7	1
13.5135	273.334	274.207	1
13.5	280.717	273.334	1
13.4865	285.897	280.717	1
13.473	283.897	285.897	1
13.4596	277.229	283.897	1
13.4461	284.342	277.229	1
13.4326	285.839	284.342	1
13.4192	284.339	285.839	1
13.4058	284.816	284.339	1
13.3924	288.952	284.816	1
13.379	284.472	288.952	1
13.3656	284.791	284.472	1
13.3523	282.588	284.791	1
13.3389	281.081	282.588	1
13.3256	281.885	281.081	1
13.3122	283.897	281.885	1
13.2989	290.636	283.897	0
13.2856	279.189	283.897	1
13.2723	277.658	279.189	1
13.2591	277.158	277.658	1
13.2458	278.99	277.158	1
13.2326	273.92	278.99	1
13.2193	277.725	273.92	1
13.2061	280.118	277.725	1
13.1929	278.757	280.118	1
13.1797	272.434	278.757	1
13.1665	278.354	272.434	0
13.1534	266.37	272.434	1
13.1402	266.227	266.37	1
13.1271	263.977	266.227	1
13.1139	270.041	263.977	0
13.1008	257.571	263.977	1
13.0877	264.313	257.571	1
13.0746	269.819	264.313	1
13.0616	269.944	269.819	1
13.0485	269.791	269.944	1
13.0355	269.583	269.791	1
13.0224	267.529	269.583	1
13.0094	267.926	267.529	1
12.9964	267.851	267.926	1
12.9834	268.796	267.851	1
12.9704	268.899	268.796	1
12.9574	274.569	268.899	1
12.9445	279.145	274.569	0
12.9315	274.097	274.569	1
12.9186	279.565	274.097	0
12.9057	272.836	274.097	1
12.8928	266.177	272.836	1
12.8799	265.802	266.177	1
12.867	262.927	265.802	1
12.8541	269.004	262.927	0
12.8413	262.927	262.927	1
12.8284	264.982	262.927	1
12.8156	268.065	264.982	0
12.8028	268.161	264.982	1
12.79	268.922	268.161	1
12.7772	267.047	268.922	1
12.7644	271.372	267.047	0
12.7517	261.867	267.047	1
12.7389	265.617	261.867	1
12.7262	260.608	265.617	1
12.7135	257.347	260.608	1
12.7007	260.298	257.347	1
12.688	258.951	260.298	1
12.6754	257.966	258.951	1
12.6627	264.163	257.966	1
12.65	270.577	264.163	0
12.6374	267.841	264.163	0
12.6247	258.493	264.163	1
12.6121	258.264	258.493	1
12.5995	260.569	258.264	0
12.5869	253.514	258.264	1
12.5743	249.409	253.514	1
12.5617	249.617	249.409	1
12.5492	255.19	249.617	1
12.5366	261.664	255.19	1
12.5241	262.096	261.664	1
12.5116	262.155	262.096	1
12.499	265.073	262.155	1
12.4865	270.17	265.073	1
12.4741	277.548	270.17	1
12.4616	283.549	277.548	0
12.4491	278.733	277.548	1
12.4367	278.911	278.733	1
12.4242	277.007	278.911	1
12.4118	282.036	277.007	0
12.3994	282.534	277.007	1
12.387	287.918	282.534	1
12.3746	285.641	287.918	1
12.3622	287.918	285.641	1
12.3499	288.418	287.918	1
12.3375	283.557	288.418	1
12.3252	284.441	283.557	1
12.3129	290.747	284.441	0
12.3006	282.536	284.441	1
12.2883	283.524	282.536	1
12.276	289.691	283.524	0
12.2637	288.912	283.524	0
12.2514	281.027	283.524	1
12.2392	279.672	281.027	1
12.2269	280.914	279.672	1
12.2147	280.788	280.914	1
12.2025	272.785	280.788	1
12.1903	276.785	272.785	1
12.1781	278.343	276.785	1
12.1659	274.333	278.343	1
12.1538	275.513	274.333	1
12.1416	275.266	275.513	1
12.1295	275.869	275.266	1
12.1173	276.147	275.869	1
12.1052	280.669	276.147	1
12.0931	280.797	280.669	1
12.081	287.355	280.797	0
12.0689	283.089	280.797	1
12.0569	282.056	283.089	1
12.0448	286.167	282.056	1
12.0328	292.298	286.167	1
12.0207	287.894	292.298	1
12.0087	290.091	287.894	1
11.9967	284.725	290.091	1
11.9847	279.616	284.725	1
11.9727	275.141	279.616	1
11.9607	269.169	275.141	1
11.9488	266.597	269.169	1
11.9368	266.597	266.597	1
11.9249	263.847	266.597	1
11.913	264.203	263.847	1
11.9011	270.027	264.203	0
11.8892	265.852	264.203	0
11.8773	265.089	264.203	1
11.8654	264.632	265.089	1
11.8535	264.632	264.632	1
11.8417	270.342	264.632	1
11.8298	271.462	270.342	1
11.818	277.184	271.462	1
11.8062	283.59	277.184	1
11.7944	282.704	283.59	1
11.7826	280.093	282.704	1
11.7708	278.356	280.093	1
11.759	277.148	278.356	1
11.7473	282.455	277.148	1
11.7355	281.837	282.455	1
11.7238	282.074	281.837	1
11.7121	281.927	282.074	1
11.7004	289.071	281.927	0
11.6887	276.501	281.927	1
11.677	275.575	276.501	1
11.6653	274.152	275.575	1
11.6536	278.657	274.152	1
11.642	273.544	278.657	1
11.6303	278.406	273.544	0
11.6187	267.626	273.544	1
11.6071	271.9	267.626	1
11.5955	279.685	271.9	0
11.5839	272.878	271.9	1
11.5723	279.422	272.878	0
11.5607	271.628	272.878	1
11.5492	271.901	271.628	1
11.5376	275.132	271.901	1
11.5261	278.018	275.132	1
11.5145	277.415	278.018	1
11.503	273.701	277.415	1
11.4915	280.245	273.701	1
11.48	281.022	280.245	1
11.4686	278.772	281.022	1
11.4571	278.793	278.772	1
11.4456	278.772	278.793	1
11.4342	271.06	278.772	1
11.4228	277.058	271.06	0
11.4113	271.422	271.06	1
11.3999	271.454	271.422	1
11.3885	272.329	271.454	0
11.3771	277.376	271.454	1
11.3658	272.49	277.376	1
11.3544	272.49	272.49	1
11.343	273.951	272.49	1
11.3317	273.539	273.951	1
11.3204	273.859	273.539	1
11.309	279.755	273.859	1
11.2977	286.138	279.755	0
11.2864	277.663	279.755	1
11.2751	277.663	277.663	1
11.2639	283.807	277.663	0
11.2526	281.783	277.663	1
11.2414	282.404	281.783	1
11.2301	285.452	282.404	0
11.2189	283.276	282.404	1
11.2077	289.289	283.276	1
11.1965	286.266	289.289	1
11.1853	290.348	286.266	1
11.1741	296.873	290.348	1
11.1629	298.663	296.873	1
11.1517	299.161	298.663	1
11.1406	293.75	299.161	1
11.1294	294.482	293.75	1
11.1183	294.514	294.482	1
11.1072	296.635	294.514	1
11.0961	293.119	296.635	1
11.085	289.21	293.119	1
11.0739	294.15	289.21	0
11.0628	286.681	289.21	1
11.0518	285.681	286.681	1
11.0407	288.511	285.681	1
11.0297	289.124	288.511	1
11.0186	293.028	289.124	1
11.0076	291.954	293.028	1
10.9966	291.846	291.954	1
10.9856	287.402	291.846	1
10.9746	294.818	287.402	1
10.9637	296.793	294.818	1
10.9527	292.764	296.793	1
10.9417	293.774	292.764	1
10.9308	299.434	293.774	1
10.9199	299.422	299.434	1
10.909	293.37	299.422	1
10.898	291.96	293.37	1
10.8871	291.521	291.96	1
10.8763	297.595	291.521	0
10.8654	292.675	291.521	1
10.8545	288.137	292.675	1
10.8437	287.726	288.137	1
10.8328	290.463	287.726	0
10.822	279.354	287.726	1
10.8112	275.802	279.354	1
10.8004	277.421	275.802	1
10.7896	281.918	277.421	1
10.7788	287.304	281.918	1
10.768	292.059	287.304	1
10.7572	293.777	292.059	1
10.7465	295.039	293.777	1
10.7357	295.729	295.039	1
10.725	296.8	295.729	0
10.7143	298.937	295.729	1
10.7035	298.925	298.937	1
10.6928	296.675	298.925	1
10.6821	296.905	296.675	1
10.6715	296.695	296.905	1
10.6608	294.542	296.695	1
10.6501	288.885	294.542	1
10.6395	287.099	288.885	1
10.6288	283.896	287.099	1
10.6182	283.526	283.896	1
10.6076	287.598	283.526	1
10.597	293.017	287.598	0
10.5864	287.598	287.598	1
10.5758	287.325	287.598	1
10.5652	293.401	287.325	1
10.5547	290.128	293.401	1
10.5441	292.149	290.128	0
10.5336	295.213	290.128	1
10.523	296.907	295.213	1
10.5125	295.047	296.907	1
10.502	297.102	295.047	0
10.4915	303.425	295.047	1
10.481	299.3	303.425	1
10.4705	293.451	299.3	1
10.46	295.692	293.451	1
10.4496	298.163	295.692	1
10.4391	302.129	298.163	1
10.4287	308.611	302.129	1
10.4183	307.603	308.611	1
10.4079	309.284	307.603	1
10.3974	305.251	309.284	1
10.387	304.105	305.251	1
10.3767	304.019	304.105	1
10.3663	309.368	304.019	0
10.3559	302.319	304.019	1
10.3456	305.963	302.319	1
10.3352	307.608	305.963	1
10.3249	307.523	307.608	1
10.3146	307.821	307.523	1
10.3042	314.098	307.821	1
10.2939	313.138	314.098	1
10.2836	313.138	313.138	1
10.2734	310.87	313.138	1
10.2631	307.226	310.87	1
10.2528	314.566	307.226	0
10.2426	305.994	307.226	1
10.2323	299.396	305.994	1
10.2221	302.423	299.396	0
10.2119	301.652	299.396	1
10.2017	303.222	301.652	1
10.1915	300.189	303.222	1
10.1813	297.908	300.189	1
10.1711	298.787	297.908	1
10.1609	298.916	298.787	1
10.1508	307.781	298.916	0
10.1406	296.634	298.916	1
10.1305	297.832	296.634	1
10.1203	298.514	297.832	1
10.1102	298.54	298.514	1
10.1001	304.536	298.54	0
10.09	301.601	298.54	1
10.0799	303.637	301.601	1
10.0698	306.442	303.637	1
10.0598	310.4	306.442	0
10.0497	312.728	306.442	1
10.0397	315.228	312.728	0
10.0296	312.728	312.728	1
10.0196	309.121	312.728	1
10.0096	303.412	309.121	1
9.99956	298.787	303.412	1
9.98956	305.861	298.787	0
9.97957	305.214	298.787	0
9.96959	299.537	298.787	1
9.95962	301.42	299.537	1
9.94966	302.607	301.42	1
9.93971	309.56	302.607	1
9.92977	307.137	309.56	1
9.91984	307.421	307.137	1
9.90992	306.367	307.421	1
9.90001	306.466	306.367	1
9.89011	306.663	306.466	1
9.88022	310.817	306.663	1
9.87034	308.98	310.817	1
9.86047	313.803	308.98	0
9.85061	309.692	308.98	1
9.84076	312.265	309.692	1
9.83092	317.382	312.265	1
9.82109	313.324	317.382	1
9.81126	313.574	313.324	1
9.80145	315.969	313.574	1
9.79165	314.719	315.969	1
9.78186	317.902	314.719	1
9.77208	319.038	317.902	1
9.76231	321.223	319.038	0
9.75254	318.573	319.038	1
9.74279	320.014	318.573	1
9.73305	316.133	320.014	1
9.72332	314.601	316.133	1
9.71359	317.272	314.601	0
9.70388	314.286	314.601	1
9.69417	312.111	314.286	1
9.68448	309.219	312.111	1
9.6748	311.432	309.219	1
9.66512	312.682	311.432	1
9.65546	311.03	312.682	1
9.6458	312.354	311.03	1
9.63615	312.354	312.354	1
9.62652	314.131	312.354	1
9.61689	311.065	314.131	1
9.60727	308.608	311.065	1
9.59767	312.499	308.608	0
9.58807	304.655	308.608	1
9.57848	305.573	304.655	1
9.5689	304.999	305.573	1
9.55933	303.572	304.999	1
9.54978	305.208	303.572	1
9.54023	311.276	305.208	1
9.53069	305.896	311.276	1
9.52115	310.191	305.896	1
9.51163	308.054	310.191	1
9.50212	310.752	308.054	0
9.49262	305.361	308.054	1
9.48313	308.617	305.361	1
9.47364	308.059	308.617	1
9.46417	313.957	308.059	1
9.45471	316.711	313.957	1
9.44525	318.603	316.711	1
9.43581	313.401	318.603	1
9.42637	312.006	313.401	1
9.41694	307.12	312.006	1
9.40753	311.963	307.12	1
9.39812	311.315	311.963	1
9.38872	313.498	311.315	1
9.37933	318.088	313.498	0
9.36995	317.345	313.498	1
9.36058	317.345	317.345	1
9.35122	313.738	317.345	1
9.34187	317.028	313.738	0
9.33253	315.267	313.738	1
9.3232	318.099	315.267	0
9.31387	318.819	315.267	1
9.30456	319.421	318.819	1
9.29526	317.699	319.421	1
9.28596	314.027	317.699	1
9.27667	316.942	314.027	1
9.2674	314.594	316.942	1
9.25813	315.294	314.594	0
9.24887	313.39	314.594	1
9.23962	317.89	313.39	1
9.23038	312.313	317.89	1
9.22115	307.296	312.313	1
9.21193	305.517	307.296	1
9.20272	310.117	305.517	1
9.19352	315.62	310.117	0
9.18432	312.595	310.117	1
9.17514	317.427	312.595	1
9.16596	319.5	317.427	1
9.1568	322.924	319.5	0
9.14764	325.237	319.5	1
9.13849	320.215	325.237	1
9.12936	320.215	320.215	1
9.12023	317.221	320.215	1
9.11111	311.776	317.221	1
9.10199	316.405	311.776	1
9.09289	316.36	316.405	1
9.0838	320.147	316.36	0
9.07472	319.343	316.36	1
9.06564	323.002	319.343	0
9.05658	320.533	319.343	1
9.04752	319.533	320.533	1
9.03847	320.469	319.533	1
9.02943	317.231	320.469	1
9.0204	318.398	317.231	1
9.01138	311.696	318.398	1
9.00237	307.983	311.696	1
8.99337	308.896	307.983	1
8.98438	309.54	308.896	1
8.97539	309.459	309.54	1
8.96642	313.506	309.459	0
8.95745	304.045	309.459	1
8.94849	303.902	304.045	1
8.93954	296.64	303.902	1
8.9306	305.399	296.64	0
8.92167	296.467	296.64	1
8.91275	299.336	296.467	1
8.90384	298.718	299.336	1
8.89494	295.599	298.718	1
8.88604	298.198	295.599	1
8.87715	300.826	298.198	1
8.86828	296.263	300.826	1
8.85941	296.263	296.263	1
8.85055	292.684	296.263	1
8.8417	294.711	292.684	1
8.83286	295.531	294.711	1
8.82402	298.634	295.531	1
8.8152	300.396	298.634	1
8.80639	296.353	300.396	1
8.79758	295.985	296.353	1
8.78878	294.702	295.985	1
8.77999	300.699	294.702	0
8.77121	300.041	294.702	1
8.76244	300.845	300.041	1
8.75368	303.246	300.845	0
8.74493	300.068	300.845	1
8.73618	299.942	300.068	1
8.72744	299.692	299.942	1
8.71872	290.879	299.692	1
8.71	297.246	290.879	1
8.70129	293.795	297.246	1
8.69259	298.544	293.795	0
8.68389	292.435	293.795	1
8.67521	295.371	292.435	1
8.66654	291.203	295.371	1
8.65787	287.007	291.203	1
8.64921	291.326	287.007	1
8.64056	288.751	291.326	1
8.63192	293.093	288.751	1
8.62329	293.073	293.093	1
8.61467	292.829	293.073	1
8.60605	295.557	292.829	1
8.59745	288.994	295.557	1
8.58885	285.352	288.994	1
8.58026	286.361	285.352	1
8.57168	291.131	286.361	0
8.56311	286.486	286.361	1
8.55454	292.85	286.486	1
8.54599	297.687	292.85	0
8.53744	293.905	292.85	1
8.52891	294.34	293.905	1
8.52038	290.915	294.34	1
8.51186	290.604	290.915	1
8.50334	288.886	290.604	1
8.49484	284.666	288.886	1
8.48635	282.24	284.666	1
8.47786	279.422	282.24	1
8.46938	283.009	279.422	0
8.46091	282.206	279.422	1
8.45245	278.653	282.206	1
8.444	283.389	278.653	1
8.43556	287.474	283.389	0
8.42712	283.264	283.389	1
8.41869	289.111	283.264	0
8.41027	288.43	283.264	0
8.40186	291.032	283.264	0
8.39346	277.672	283.264	1
8.38507	269.672	277.672	1
8.37668	262.408	269.672	1
8.36831	259.086	262.408	1
8.35994	259.086	259.086	1
8.35158	256.586	259.086	1
8.34323	257.961	256.586	1
8.33488	265.348	257.961	0
8.32655	265.591	257.961	0
8.31822	259.711	257.961	1
8.3099	254.705	259.711	1
8.30159	252.947	254.705	1
8.29329	259.819	252.947	1
8.285	259.819	259.819	1
8.27671	266.681	259.819	1
8.26844	272.315	266.681	0
8.26017	267.202	266.681	1
8.25191	270.737	267.202	1
8.24366	266.994	270.737	1
8.23541	272.972	266.994	1
8.22718	278.91	272.972	1
8.21895	271.788	278.91	1
8.21073	273.194	271.788	1
8.20252	267.069	273.194	1
8.19432	262.618	267.069	1
8.18612	262.623	262.618	1
8.17794	260.239	262.623	1
8.16976	267.359	260.239	1
8.16159	269.376	267.359	1
8.15343	262.1	269.376	1
8.14528	270.949	262.1	1
8.13713	278.525	270.949	1
8.12899	285.312	278.525	1
8.12086	293.903	285.312	0
8.11274	287.597	285.312	1
8.10463	287.722	287.597	1
8.09653	292.36	287.722	1
8.08843	294.36	292.36	0
8.08034	299.486	292.36	1
8.07226	306.329	299.486	0
8.06419	305.538	299.486	1
8.05612	297.928	305.538	1
8.04807	301.507	297.928	0
8.04002	290.036	297.928	1
8.03198	297.238	290.036	1
8.02395	301.617	297.238	1
8.01592	302.085	301.617	1
8.00791	297.457	302.085	1
7.9999	302.379	297.457	1
7.9919	303.759	302.379	1
7.98391	307.522	303.759	1
7.97592	306.522	307.522	1
7.96795	305.141	306.522	1
7.95998	305.727	305.141	1
7.95202	305.508	305.727	1
7.94407	300.852	305.508	1
7.93612	300.738	300.852	1
7.92819	306.515	300.738	1
7.92026	303.288	306.515	1
7.91234	302.976	303.288	1
7.90443	309.266	302.976	0
7.89652	310.233	302.976	0
7.88863	300.906	302.976	1
7.88074	301.332	300.906	1
7.87286	301.739	301.332	1
7.86498	294.591	301.739	1
7.85712	295.483	294.591	1
7.84926	301.542	295.483	1
7.84141	299.397	301.542	1
7.83357	300.382	299.397	1
7.82574	295.703	300.382	1
7.81791	295.821	295.703	1
7.81009	300.269	295.821	1
7.80228	306.48	300.269	1
7.79448	301.494	306.48	1
7.78669	298.456	301.494	1
7.7789	300.454	298.456	1
7.77112	305.856	300.454	0
7.76335	302.895	300.454	1
7.75559	294.923	302.895	1
7.74783	298.077	294.923	1
7.74008	299.579	298.077	1
7.73234	300.235	299.579	1
7.72461	301.708	300.235	1
7.71689	300.907	301.708	1
7.70917	307.439	300.907	0
7.70146	298.891	300.907	1
7.69376	293.918	298.891	1
7.68607	300.115	293.918	0
7.67838	294.168	293.918	1
7.6707	295.633	294.168	1
7.66303	297.542	295.633	0
7.65537	296.145	295.633	1
7.64771	295.937	296.145	1
7.64006	298.681	295.937	1
7.63242	300.431	298.681	1
7.62479	299.387	300.431	1
7.61717	300.414	299.387	1
7.60955	295.039	300.414	1
7.60194	294.539	295.039	1
7.59434	295.638	294.539	1
7.58674	297.703	295.638	1
7.57916	292.159	297.703	1
7.57158	297.354	292.159	0
7.56401	293.493	292.159	1
7.55644	297.718	293.493	1
7.54889	298.538	297.718	0
7.54134	298.426	297.718	0
7.5338	300.678	297.718	0
7.52626	301.993	297.718	1
7.51874	306.136	301.993	0
7.51122	307.867	301.993	0
7.50371	301.786	301.993	1
7.4962	295.389	301.786	1
7.48871	295.389	295.389	1
7.48122	297.896	295.389	0
7.47374	300.346	295.389	1
7.46626	300.007	300.346	1
7.4588	299.648	300.007	1
7.45134	299.115	299.648	1
7.44389	299.143	299.115	1
7.43644	295.115	299.143	1
7.42901	298.032	295.115	1
7.42158	300.576	298.032	0
7.41416	301.609	298.032	0
7.40674	297.173	298.032	1
7.39933	303.515	297.173	1
7.39193	303.607	303.515	1
7.38454	310.354	303.607	1
7.37716	305.115	310.354	1
7.36978	304.839	305.115	1
7.36241	308.626	304.839	1
7.35505	303.584	308.626	1
7.34769	303.636	303.584	1
7.34035	309.507	303.636	0
7.33301	301.219	303.636	1
7.32567	300.844	301.219	1
7.31835	300.929	300.844	1
7.31103	299.429	300.929	1
7.30372	305.136	299.429	0
7.29641	292.856	299.429	1
7.28912	286.513	292.856	1
7.28183	291.906	286.513	1
7.27455	298.965	291.906	0
7.26727	296.189	291.906	0
7.26001	294.984	291.906	0
7.25275	289.903	291.906	1
7.24549	296.883	289.903	1
7.23825	290.842	296.883	1
7.23101	286.522	290.842	1
7.22378	286.093	286.522	1
7.21655	288.691	286.093	1
7.20934	296.671	288.691	0
7.20213	293.069	288.691	1
7.19493	291.628	293.069	1
7.18773	291.644	291.628	1
7.18054	289.894	291.644	1
7.17336	294.954	289.894	0
7.16619	287.404	289.894	1
7.15902	285.369	287.404	1
7.15186	285.369	285.369	1
7.14471	281.516	285.369	1
7.13757	285.211	281.516	1
7.13043	278.775	285.211	1
7.1233	279.025	278.775	1
7.11618	282.739	279.025	1
7.10906	285.489	282.739	1
7.10195	279.566	285.489	1
7.09485	273.527	279.566	1
7.08775	273.527	273.527	1
7.08067	272.123	273.527	1
7.07359	275.873	272.123	1
7.06651	280.794	275.873	0
7.05945	270.264	275.873	1
7.05239	269.834	270.264	1
7.04533	270.084	269.834	1
7.03829	277.671	270.084	1
7.03125	274.719	277.671	1
7.02422	281.318	274.719	1
7.01719	285.582	281.318	0
7.01018	283.85	281.318	1
7.00317	283.902	283.85	1
6.99616	281.244	283.902	1
6.98917	280.783	281.244	1
6.98218	280.654	280.783	1
6.9752	275.746	280.654	1
6.96822	282.76	275.746	1
6.96125	284.565	282.76	0
6.95429	283.205	282.76	1
6.94734	277.833	283.205	1
6.94039	277.956	277.833	1
6.93345	278.011	277.956	1
6.92652	284.341	278.011	0
6.91959	277.761	278.011	1
6.91267	282.805	277.761	1
6.90576	287.701	282.805	0
6.89885	276.146	282.805	1
6.89195	276.51	276.146	1
6.88506	271.481	276.51	1
6.87818	271.43	271.481	1
6.8713	270.996	271.43	1
6.86443	276.61	270.996	1
6.85756	272.86	276.61	1
6.8507	279.337	272.86	0
6.84385	272.037	272.86	1
6.83701	272.701	272.037	1
6.83017	273.061	272.701	1
6.82334	272.907	273.061	1
6.81652	279.574	272.907	0
6.8097	273.103	272.907	1
6.80289	273.284	273.103	1
6.79609	278.154	273.284	0
6.78929	273.589	273.284	1
6.78251	278.2	273.589	0
6.77572	273.783	273.589	1
6.76895	266.355	273.783	1
6.76218	272.434	266.355	0
6.75542	266.105	266.355	1
6.74866	259.881	266.105	1
6.74191	265.685	259.881	0
6.73517	265.394	259.881	1
6.72843	270.839	265.394	0
6.72171	272.823	265.394	0
6.71498	270.815	265.394	1
6.70827	270.483	270.815	1
6.70156	266.483	270.483	1
6.69486	267.129	266.483	1
6.68816	267.008	267.129	1
6.68148	260.894	267.008	1
6.6748	267.263	260.894	1
6.66812	267.201	267.263	1
6.66145	268.139	267.201	1
6.65479	268.139	268.139	1
6.64814	273.438	268.139	1
6.64149	271.961	273.438	1
6.63485	271.653	271.961	1
6.62821	277.222	271.653	1
6.62158	271.468	277.222	1
6.61496	276.876	271.468	1
6.60835	277.862	276.876	1
6.60174	277.94	277.862	1
6.59514	277.805	277.94	1
6.58854	276.029	277.805	1
6.58195	280.88	276.029	0
6.57537	281.187	276.029	1
6.5688	286.698	281.187	1
6.56223	281.627	286.698	1
6.55566	281.574	281.627	1
6.54911	281.657	281.574	1
6.54256	287.504	281.657	0
6.53602	280.692	281.657	1
6.52948	282.255	280.692	1
6.52295	282.005	282.255	1
6.51643	285.799	282.005	1
6.50991	290.588	285.799	0
6.5034	289.549	285.799	0
6.4969	290.365	285.799	0
6.4904	279.459	285.799	1
6.48391	282.959	279.459	0
6.47743	281.186	279.459	0
6.47095	275.201	279.459	1
6.46448	275.292	275.201	1
6.45801	278.373	275.292	0
6.45156	280.481	275.292	1
6.44511	281.981	280.481	1
6.43866	285.356	281.981	1
6.43222	287.611	285.356	1
6.42579	290.973	287.611	1
6.41936	289.755	290.973	1
6.41294	284.596	289.755	1
6.40653	287.398	284.596	0
6.40012	290.644	284.596	0
6.39372	278.792	284.596	1
6.38733	278.792	278.792	1
6.38094	278.285	278.792	1
6.37456	278.881	278.285	1
6.36819	277.245	278.881	1
6.36182	278.628	277.245	1
6.35546	281.751	278.628	1
6.3491	275.249	281.751	1
6.34275	268.723	275.249	1
6.33641	274.629	268.723	0
6.33007	267.895	268.723	1
6.32374	269.07	267.895	1
6.31742	275.817	269.07	1
6.3111	276.569	275.817	1
6.30479	271.372	276.569	1
6.29849	275.241	271.372	0
6.29219	273.765	271.372	0
6.2859	271.122	271.372	1
6.27961	277.321	271.122	0
6.27333	264.25	271.122	1
6.26706	263.914	264.25	1
6.26079	263.441	263.914	1
6.25453	268.189	263.441	0
6.24828	262.594	263.441	1
6.24203	261.892	262.594	1
6.23579	266.168	261.892	0
6.22955	255.646	261.892	1
6.22332	263.651	255.646	0
6.2171	261.811	255.646	0
6.21088	259.769	255.646	0
6.20467	255.464	255.646	1
6.19846	259.714	255.464	1
6.19227	258.495	259.714	1
6.18607	266.998	258.495	0
6.17989	251.032	258.495	1
6.17371	251.916	251.032	1
6.16753	258.295	251.916	0
6.16137	255.639	251.916	1
6.1552	261.125	255.639	1
6.14905	265.916	261.125	0
6.1429	261.323	261.125	1
6.13676	266.811	261.323	1
6.13062	266.589	266.811	1
6.12449	266.589	266.589	1
6.11837	265.644	266.589	1
6.11225	265.934	265.644	1
6.10613	271.992	265.934	0
6.10003	264.891	265.934	1
6.09393	271.595	264.891	1
6.08783	273.197	271.595	1
6.08175	273.197	273.197	1
6.07567	275.33	273.197	1
6.06959	270.154	275.33	1
6.06352	278.563	270.154	0
6.05746	263.96	270.154	1
6.0514	257.068	263.96	1
6.04535	256.19	257.068	1
6.0393	264.495	256.19	1
6.03326	264.495	264.495	1
6.02723	263.61	264.495	1
6.0212	257.059	263.61	1
6.01518	251.14	257.059	1
6.00917	258.003	251.14	1
6.00316	268.352	258.003	0
5.99715	265.526	258.003	0
5.99116	258.639	258.003	1
5.98517	257.153	258.639	1
5.97918	260.546	257.153	0
5.9732	255.036	257.153	1
5.96723	254.867	255.036	1
5.96126	250.023	254.867	1
5.9553	249.163	250.023	1
5.94934	249.238	249.163	1
5.94339	246.434	249.238	1
5.93745	244.788	246.434	1
5.93151	247.467	244.788	1
5.92558	257.578	247.467	0
5.91966	245.163	247.467	1
5.91374	239.105	245.163	1
5.90782	238.436	239.105	1
5.90192	237.863	238.436	1
5.89601	244.579	237.863	0
5.89012	236.058	237.863	1
5.88423	240.353	236.058	1
5.87834	243.188	240.353	0
5.87246	245.422	240.353	1
5.86659	244.195	245.422	1
5.86073	244.964	244.195	1
5.85487	245.366	244.964	1
5.84901	251.4	245.366	1
5.84316	252.861	251.4	1
5.83732	250.205	252.861	1
5.83148	247.991	250.205	1
5.82565	241.656	247.991	1
5.81982	243.205	241.656	1
5.814	241.08	243.205	1
5.80819	237.692	241.08	1
5.80238	238.582	237.692	0
5.79658	238.257	237.692	1
5.79078	238.257	238.257	1
5.78499	231.223	238.257	1
5.77921	232.806	231.223	1
5.77343	240.425	232.806	0
5.76765	242.403	232.806	0
5.76189	231.138	232.806	1
5.75612	238.721	231.138	0
5.75037	233.65	231.138	0
5.74462	232.263	231.138	1
5.73887	232.263	232.263	1
5.73313	233.126	232.263	1
5.7274	232.626	233.126	1
5.72167	233.577	232.626	1
5.71595	230.485	233.577	1
5.71024	230.485	230.485	1
5.70453	226.753	230.485	1
5.69882	235.394	226.753	0
5.69312	223.557	226.753	1
5.68743	227.08	223.557	0
5.68174	232.232	223.557	0
5.67606	224.187	223.557	1
5.67038	233.954	224.187	1
5.66471	234.329	233.954	1
5.65905	237.046	234.329	1
5.65339	240.91	237.046	0
5.64774	234.329	237.046	1
5.64209	231.47	234.329	1
5.63645	231.47	231.47	1
5.63081	234.427	231.47	0
5.62518	230.301	231.47	1
5.61955	233.022	230.301	1
5.61394	237.662	233.022	0
5.60832	237.785	233.022	0
5.60271	230.034	233.022	1
5.59711	234.468	230.034	1
5.59151	227.846	234.468	1
5.58592	232.867	227.846	0
5.58034	231.096	227.846	0
5.57476	220.831	227.846	1
5.56918	224.258	220.831	0
5.56361	227.724	220.831	1
5.55805	236.266	227.724	1
5.55249	232.571	236.266	1
5.54694	228.114	232.571	1
5.54139	229.262	228.114	0
5.53585	233.132	228.114	0
5.53031	227.978	228.114	1
5.52478	233.906	227.978	0
5.51926	233.829	227.978	0
5.51374	232.516	227.978	1
5.50823	232.522	232.516	1
5.50272	240.931	232.522	0
5.49721	238.071	232.522	0
5.49172	236.055	232.522	0
5.48623	238.634	232.522	0
5.48074	234.19	232.522	1
5.47526	229.303	234.19	1
5.46978	227.223	229.303	1
5.46431	226.568	227.223	1
5.45885	226.568	226.568	1
5.45339	219.102	226.568	1
5.44794	219.852	219.102	1
5.44249	220.434	219.852	1
5.43705	220.463	220.434	1
5.43161	224.483	220.463	0
5.42618	227.059	220.463	0
5.42075	220.975	220.463	1
5.41533	226.247	220.975	1
5.40992	225.599	226.247	1
5.40451	233.284	225.599	1
5.3991	233.284	233.284	1
5.3937	234.13	233.284	1
5.38831	236.255	234.13	1
5.38292	236.919	236.255	1
5.37754	242.063	236.919	1
5.37216	245.399	242.063	0
5.36679	242.589	242.063	0
5.36142	246.001	242.063	0
5.35606	236.919	242.063	1
5.3507	237.507	236.919	1
5.34535	246.512	237.507	0
5.34001	241.799	237.507	1
5.33467	233.449	241.799	1
5.32933	240.958	233.449	0
5.324	233	233.449	1
5.31868	232.29	233	1
5.31336	232.641	232.29	1
5.30805	240.827	232.641	1
5.30274	248.129	240.827	0
5.29744	248.832	240.827	0
5.29214	247.624	240.827	0
5.28685	248.019	240.827	0
5.28156	245.748	240.827	1
5.27628	252.534	245.748	1
5.271	259.845	252.534	0
5.26573	256.779	252.534	1
5.26046	260.79	256.779	0
5.2552	256.029	256.779	1
5.24995	256.509	256.029	1
5.2447	254.77	256.509	1
5.23945	254.467	254.77	1
5.23422	252.717	254.467	1
5.22898	255.714	252.717	0
5.22375	249.987	252.717	1
5.21853	249.659	249.987	1
5.21331	249.659	249.659	1
5.2081	253.179	249.659	0
5.20289	249.503	249.659	1
5.19769	249.986	249.503	1
5.19249	249.384	249.986	1
5.1873	249.194	249.384	1
5.18211	252.627	249.194	1
5.17693	260.41	252.627	1
5.17175	258.597	260.41	1
5.16658	258.597	258.597	1
5.16141	259.676	258.597	0
5.15625	253.676	258.597	1
5.15109	261.107	253.676	0
5.14594	254.426	253.676	1
5.1408	260.787	254.426	0
5.13566	254.222	254.426	1
5.13052	250.706	254.222	1
5.12539	255.883	250.706	1
5.12026	262.913	255.883	0
5.11514	257.008	255.883	1
5.11003	258.26	257.008	0
5.10492	260.634	257.008	0
5.09981	257.613	257.008	1
5.09471	256.908	257.613	1
5.08962	261.729	256.908	0
5.08453	258.033	256.908	1
5.07944	264.949	258.033	1
5.07437	271.994	264.949	1
5.06929	276.613	271.994	0
5.06422	276.811	271.994	0
5.05916	274.744	271.994	1
5.0541	269.742	274.744	1
5.04904	270.362	269.742	1
5.04399	276.414	270.362	0
5.03895	265.37	270.362	1
5.03391	269.437	265.37	0
5.02888	266.222	265.37	1
5.02385	265.557	266.222	1
5.01883	258.488	265.557	1
5.01381	259.199	258.488	1
5.00879	257.472	259.199	1
5.00378	264.544	257.472	1
4.99878	264.307	264.544	1
4.99378	257.485	264.307	1
4.98879	254.194	257.485	1
4.9838	247.724	254.194	1
4.97881	248.663	247.724	0
4.97384	254.063	247.724	0
4.96886	254.049	247.724	1
4.96389	254.485	254.049	1
4.95893	255.132	254.485	1
4.95397	254.183	255.132	1
4.94902	260.737	254.183	0
4.94407	260.512	254.183	1
4.93912	265.39	260.512	0
4.93418	260.137	260.512	1
4.92925	259.773	260.137	1
4.92432	252.691	259.773	1
4.9194	252.666	252.691	1
4.91448	258.565	252.666	0
4.90956	254.392	252.666	0
4.90465	254.399	252.666	1
4.89975	254.399	254.399	1
4.89485	261.318	254.399	0
4.88995	248.258	254.399	1
4.88506	255.835	248.258	0
4.88018	247.008	248.258	1
4.8753	254.405	247.008	0
4.87042	247.008	247.008	1
4.86555	247.015	247.008	1
4.86069	239.097	247.015	1
4.85583	246.183	239.097	0
4.85097	231.449	239.097	1
4.84612	229.201	231.449	1
4.84127	230.008	229.201	1
4.83643	230.017	230.008	1
4.8316	230.16	230.017	1
4.82676	237.876	230.16	0
4.82194	236.435	230.16	1
4.81712	241.849	236.435	0
4.8123	237.942	236.435	0
4.80749	234.06	236.435	1
4.80268	241.333	234.06	0
4.79788	231.81	234.06	1
4.79308	239.308	231.81	0
4.78829	223.328	231.81	1
4.7835	223.201	223.328	1
4.77871	223.055	223.201	1
4.77393	228.696	223.055	0
4.76916	225.178	223.055	1
4.76439	226.874	225.178	0
4.75963	232.92	225.178	0
4.75487	227.029	225.178	0
4.75011	232.551	225.178	0
4.74536	225.808	225.178	1
4.74062	234.054	225.808	0
4.73588	225.808	225.808	1
4.73114	224.778	225.808	1
4.72641	224.16	224.778	1
4.72168	226.541	224.16	1
4.71696	226.541	226.541	1
4.71224	231.456	226.541	0
4.70753	227.246	226.541	1
4.70282	233.739	227.246	1
4.69812	233.364	233.739	1
4.69342	234.357	233.364	1
4.68873	228.32	234.357	1
4.68404	221.857	228.32	1
4.67936	224.073	221.857	0
4.67468	229.6	221.857	0
4.67	228.788	221.857	0
4.66533	221.038	221.857	1
4.66067	214.212	221.038	1
4.65601	217.212	214.212	0
4.65135	220.323	214.212	1
4.6467	220.323	220.323	1
4.64205	225.454	220.323	1
4.63741	220.944	225.454	1
4.63277	220.069	220.944	1
4.62814	220.069	220.069	1
4.62351	223.819	220.069	0
4.61889	221.17	220.069	1
4.61427	227.359	221.17	1
4.60966	224.267	227.359	1
4.60505	224.419	224.267	1
4.60044	231.453	224.419	1
4.59584	239.278	231.453	0
4.59125	236.731	231.453	1
4.58665	231.803	236.731	1
4.58207	234.169	231.803	0
4.57749	238.946	231.803	1
4.57291	243.446	238.946	1
4.56834	242.489	243.446	1
4.56377	242.489	242.489	1
4.5592	242.489	242.489	1
4.55464	243.65	242.489	1
4.55009	247.861	243.65	0
4.54554	250.09	243.65	0
4.54099	237.416	243.65	1
4.53645	235.613	237.416	1
4.53192	235.286	235.613	1
4.52738	242.337	235.286	1
4.52286	241.837	242.337	1
4.51833	242.012	241.837	1
4.51382	242.431	242.012	1
4.5093	249.522	242.431	0
4.50479	248.467	242.431	0
4.50029	248.38	242.431	0
4.49579	241.994	242.431	1
4.49129	233.905	241.994	1
4.4868	226.399	233.905	1
4.48231	229.149	226.399	1
4.47783	225.376	229.149	1
4.47335	225.376	225.376	1
4.46888	225.376	225.376	1
4.46441	230.122	225.376	0
4.45995	234.003	225.376	1
4.45549	235.665	234.003	1
4.45103	234.691	235.665	1
4.44658	234.266	234.691	1
4.44213	238.326	234.266	0
4.43769	234.266	234.266	1
4.43325	235.017	234.266	1
4.42882	242.588	235.017	0
4.42439	241.5	235.017	0
4.41997	233.63	235.017	1
4.41555	239.409	233.63	0
4.41113	240.128	233.63	0
4.40672	240.153	233.63	0
4.40231	242.398	233.63	0
4.39791	232.589	233.63	1
4.39351	234.64	232.589	1
4.38912	234.005	234.64	1
4.38473	233.88	234.005	1
4.38035	235.742	233.88	1
4.37597	236.565	235.742	1
4.37159	237.072	236.565	1
4.36722	235.971	237.072	1
4.36285	236.182	235.971	1
4.35849	236.057	236.182	1
4.35413	237.693	236.057	1
4.34978	239.509	237.693	0
4.34543	231.08	237.693	1
4.34108	231.08	231.08	1
4.33674	235.389	231.08	1
4.3324	233.934	235.389	1
4.32807	237.559	233.934	1
4.32374	236.212	237.559	1
4.31942	240.539	236.212	0
4.3151	236.212	236.212	1
4.31078	242.125	236.212	0
4.30647	237.212	236.212	1
4.30217	243.95	237.212	0
4.29786	242.994	237.212	1
4.29357	252.107	242.994	0
4.28927	243.227	242.994	1
4.28498	243.634	243.227	1
4.2807	250.231	243.634	0
4.27642	247.884	243.634	1
4.27214	254.042	247.884	0
4.26787	254.277	247.884	1
4.2636	261.401	254.277	1
4.25934	267.955	261.401	0
4.25508	262.684	261.401	1
4.25082	264.248	262.684	1
4.24657	256.781	264.248	1
4.24233	253.156	256.781	1
4.23808	255.466	253.156	1
4.23385	253.473	255.466	1
4.22961	258.049	253.473	0
4.22538	256.876	253.473	0
4.22116	247.536	253.473	1
4.21694	246.269	247.536	1
4.21272	250.953	246.269	0
4.20851	250.822	246.269	1
4.2043	251.385	250.822	1
4.20009	251.626	251.385	1
4.19589	251.774	251.626	1
4.1917	258.144	251.774	1
4.18751	253.989	258.144	1
4.18332	258.489	253.989	1
4.17914	251.826	258.489	1
4.17496	251.238	251.826	1
4.17078	252.468	251.238	1
4.16661	257.234	252.468	0
4.16244	252.593	252.468	1
4.15828	253.593	252.593	1
4.15412	258.506	253.593	1
4.14997	260.181	258.506	0
4.14582	265.051	258.506	0
4.14167	265.347	258.506	0
4.13753	261.535	258.506	1
4.13339	261.43	261.535	1
4.12926	266.136	261.43	1
4.12513	272.291	266.136	1
4.12101	265.801	272.291	1
4.11689	272.5	265.801	0
4.11277	258.852	265.801	1
4.10866	259.269	258.852	1
4.10455	266.514	259.269	0
4.10044	260.292	259.269	1
4.09634	265.815	260.292	1
4.09225	269.931	265.815	1
4.08815	265.229	269.931	1
4.08407	260.306	265.229	1
4.07998	267.291	260.306	1
4.0759	266.153	267.291	1
4.07183	270.479	266.153	0
4.06775	267.342	266.153	1
4.06369	267.342	267.342	1
4.05962	268.428	267.342	1
4.05556	276.606	268.428	0
4.05151	269.028	268.428	1
4.04746	262.308	269.028	1
4.04341	261.251	262.308	1
4.03936	266.046	261.251	0
4.03532	260.694	261.251	1
4.03129	261.416	260.694	1
4.02726	263.1	261.416	1
4.02323	263.1	263.1	1
4.01921	264.431	263.1	0
4.01519	264.167	263.1	0
4.01117	263.1	263.1	1
4.00716	263.836	263.1	1
4.00316	265.281	263.836	1
3.99915	271.514	265.281	0
3.99515	270.324	265.281	0
3.99116	271.725	265.281	0
3.98717	266.031	265.281	1
3.98318	272.49	266.031	0
3.9792	265.031	266.031	1
3.97522	257.44	265.031	1
3.97124	263.756	257.44	0
3.96727	263.099	257.44	0
3.9633	265.2	257.44	1
3.95934	266.942	265.2	0
3.95538	264.579	265.2	1
3.95143	265.307	264.579	1
3.94747	265.307	265.307	1
3.94353	264.569	265.307	1
3.93958	264.569	264.569	1
3.93564	260.429	264.569	1
3.93171	265.631	260.429	0
3.92778	260.674	260.429	1
3.92385	258.17	260.674	1
3.91992	264.018	258.17	0
3.916	263.466	258.17	0
3.91209	258.17	258.17	1
3.90818	263.897	258.17	0
3.90427	264.108	258.17	0
3.90036	251.733	258.17	1
3.89646	251.733	251.733	1
3.89257	245.812	251.733	1
3.88867	244.644	245.812	1
3.88479	243.422	244.644	1
3.8809	243.422	243.422	1
3.87702	252.275	243.422	1
3.87314	257.843	252.275	0
3.86927	259.102	252.275	0
3.8654	251.63	252.275	1
3.86154	251.63	251.63	1
3.85767	256.577	251.63	0
3.85382	258.011	251.63	0
3.84996	258.039	251.63	0
3.84611	257.566	251.63	0
3.84227	250.017	251.63	1
3.83842	246.434	250.017	1
3.83459	252.53	246.434	1
3.83075	251.23	252.53	1
3.82692	246.732	251.23	1
3.82309	251.772	246.732	0
3.81927	246.732	246.732	1
3.81545	240.261	246.732	1
3.81164	239.139	240.261	1
3.80782	239.639	239.139	1
3.80402	245.384	239.639	0
3.80021	244.878	239.639	0
3.79641	240.139	239.639	0
3.79262	239.508	239.639	1
3.78882	239.782	239.508	1
3.78503	238.911	239.782	1
3.78125	239.558	238.911	1
3.77747	247.19	239.558	0
3.77369	238.866	239.558	1
3.76992	238.492	238.866	1
3.76615	245.32	238.492	0
3.76238	237.31	238.492	1
3.75862	244.552	237.31	1
3.75486	244.531	244.552	1
3.7511	244.506	244.531	1
3.74735	237.65	244.506	1
3.74361	238.933	237.65	1
3.73986	232.311	238.933	1
3.73612	226.576	232.311	1
3.73239	233.26	226.576	0
3.72865	227.755	226.576	1
3.72493	227.63	227.755	1
3.7212	226.651	227.63	1
3.71748	227.544	226.651	1
3.71376	223.044	227.544	1
3.71005	223.465	223.044	0
3.70634	228.542	223.044	0
3.70263	223.565	223.044	1
3.69893	230.687	223.565	0
3.69523	222.917	223.565	1
3.69153	230.355	222.917	0
3.68784	224.019	222.917	1
3.68416	231.589	224.019	0
3.68047	224.743	224.019	0
3.67679	218.348	224.019	1
3.67311	223.143	218.348	1
3.66944	217.291	223.143	1
3.66577	217.263	217.291	1
3.66211	217.36	217.263	1
3.65844	219.11	217.36	1
3.65479	211.368	219.11	1
3.65113	209.767	211.368	1
3.64748	217.473	209.767	0
3.64383	216.136	209.767	0
3.64019	212.041	209.767	0
3.63655	209.921	209.767	1
3.63291	216.183	209.921	0
3.62928	209.921	209.921	1
3.62565	202.883	209.921	1
3.62202	202.883	202.883	1
3.6184	208.927	202.883	0
3.61478	202.883	202.883	1
3.61117	202.453	202.883	1
3.60756	208.783	202.453	1
3.60395	215.749	208.783	0
3.60035	215.788	208.783	0
3.59675	213.284	208.783	0
3.59315	209.556	208.783	0
3.58956	215.453	208.783	0
3.58597	208.71	208.783	1
3.58238	216.893	208.71	0
3.5788	214.789	208.71	1
3.57522	214.164	214.789	1
3.57164	220.157	214.164	0
3.56807	219.654	214.164	0
3.5645	214.164	214.164	1
3.56094	218.658	214.164	0
3.55738	215.23	214.164	1
3.55382	221.701	215.23	0
3.55027	220.371	215.23	0
3.54672	213.168	215.23	1
3.54317	214.419	213.168	0
3.53963	217.939	213.168	0
3.53609	219.231	213.168	1
3.53255	225.808	219.231	0
3.52902	221.423	219.231	1
3.52549	221.179	221.423	1
3.52196	224.79	221.179	1
3.51844	226.903	224.79	0
3.51492	220.293	224.79	1
3.51141	213.009	220.293	1
3.5079	207.064	213.009	1
3.50439	213.239	207.064	0
3.50088	209.14	207.064	1
3.49738	215.619	209.14	0
3.49389	202.781	209.14	1
3.49039	202.195	202.781	1
3.4869	203.566	202.195	1
3.48342	203.566	203.566	1
3.47993	205.043	203.566	0
3.47645	203.566	203.566	1
3.47298	207.203	203.566	0
3.4695	211.058	203.566	0
3.46603	210.418	203.566	0
3.46257	211.614	203.566	0
3.4591	208.953	203.566	0
3.45565	207.814	203.566	0
3.45219	202.753	203.566	1
3.44874	203.003	202.753	1
3.44529	210.47	203.003	0
3.44184	209.828	203.003	0
3.4384	208.297	203.003	0
3.43496	200.448	203.003	1
3.43153	206.183	200.448	1
3.4281	207.087	206.183	1
3.42467	201.943	207.087	1
3.42124	208.842	201.943	0
3.41782	210.377	201.943	1
3.41441	210.502	210.377	1
3.41099	210.774	210.502	1
3.40758	210.274	210.774	1
3.40417	216.267	210.274	0
3.40077	204.483	210.274	1
3.39737	209.726	204.483	0
3.39397	204.961	204.483	1
3.39058	207.514	204.961	1
3.38719	206.695	207.514	1
3.3838	212.605	206.695	0
3.38041	206.82	206.695	1
3.37703	210.26	206.82	1
3.37366	214.656	210.26	0
3.37028	216.438	210.26	0
3.36691	209.282	210.26	1
3.36355	211.335	209.282	1
3.36018	217.815	211.335	0
3.35682	213.549	211.335	1
3.35347	213.549	213.549	1
3.35011	215.457	213.549	0
3.34676	208.263	213.549	1
3.34342	207.388	208.263	1
3.34007	213.3	207.388	0
3.33673	206.421	207.388	1
3.33339	205.143	206.421	1
3.33006	206.833	205.143	0
3.32673	210.184	205.143	0
3.3234	211.315	205.143	1
3.32008	216.122	211.315	1
3.31676	218.348	216.122	0
3.31344	223.038	216.122	0
3.31013	219.593	216.122	1
3.30682	219.593	219.593	1
3.30351	225.874	219.593	0
3.30021	214.642	219.593	1
3.29691	209.194	214.642	1
3.29361	209.194	209.194	1
3.29032	210.194	209.194	0
3.28703	216.48	209.194	1
3.28374	212.675	216.48	1
3.28046	220.01	212.675	0
3.27718	218.599	212.675	0
3.2739	220.215	212.675	1
3.27063	226.438	220.215	0
3.26736	219.402	220.215	1
3.26409	224.688	219.402	0
3.26083	226.938	219.402	1
3.25756	226.282	226.938	1
3.25431	228.883	226.282	0
3.25105	233.374	226.282	0
3.2478	230.032	226.282	0
3.24455	232.617	226.282	0
3.24131	219.711	226.282	1
3.23807	226.582	219.711	0
3.23483	226.956	219.711	0
3.23159	224.154	219.711	0
3.22836	218.336	219.711	1
3.22513	223.155	218.336	0
3.22191	225.046	218.336	0
3.21869	225.665	218.336	0
3.21547	225.525	218.336	0
3.21225	217.531	218.336	1
3.20904	217.531	217.531	1
3.20583	217.779	217.531	1
3.20263	217.937	217.779	1
3.19942	225.942	217.937	0
3.19622	221.267	217.937	1
3.19303	225.718	221.267	0
3.18984	218.517	221.267	1
3.18665	217.079	218.517	1
3.18346	217.079	217.079	1
3.18028	219.522	217.079	1
3.17709	219.725	219.522	1
3.17392	219.862	219.725	1
3.17074	219.862	219.862	1
3.16757	226.385	219.862	0
3.16441	219.862	219.862	1
3.16124	227.033	219.862	0
3.15808	223.18	219.862	1
3.15492	228.048	223.18	0
3.15177	230.138	223.18	1
3.14862	230.138	230.138	1
3.14547	235.259	230.138	0
3.14232	237.577	230.138	0
3.13918	231.16	230.138	1
3.13604	229.585	231.16	1
3.1329	236.234	229.585	0
3.12977	221.93	229.585	1
3.12664	224.43	221.93	0
3.12351	220.331	221.93	1
3.12039	227.765	220.331	0
3.11727	223.277	220.331	0
3.11415	219.268	220.331	1
3.11104	224.744	219.268	0
3.10793	219.365	219.268	1
3.10482	216.173	219.365	1
3.10172	216.173	216.173	1
3.09861	224.117	216.173	0
3.09551	223.644	216.173	0
3.09242	216.173	216.173	1
3.08933	222.42	216.173	0
3.08624	221.431	216.173	1
3.08315	221.431	221.431	1
3.08007	221.431	221.431	1
3.07699	216.126	221.431	1
3.07391	216.126	216.126	1
3.07084	223.235	216.126	0
3.06777	220.299	216.126	0
3.0647	219.043	216.126	1
3.06163	227.448	219.043	0
3.05857	227.431	219.043	0
3.05551	226.428	219.043	0
3.05246	227.005	219.043	1
3.04941	225.773	227.005	1
3.04636	232.959	225.773	0
3.04331	228.008	225.773	1
3.04027	228.008	228.008	1
3.03723	226.703	228.008	1
3.03419	226.703	226.703	1
3.03115	232.004	226.703	0
3.02812	226.51	226.703	1
3.0251	232.525	226.51	0
3.02207	228.635	226.51	1
3.01905	223.457	228.635	1
3.01603	230.174	223.457	0
3.01301	224.762	223.457	1
3.01	231.872	224.762	0
3.00699	228.306	224.762	1
3.00398	228.306	228.306	1
3.00098	234.548	228.306	0
2.99798	229.436	228.306	1
2.99498	227.819	229.436	1
2.99199	235.972	227.819	0
2.98899	234.289	227.819	1
2.986	228.484	234.289	1
2.98302	235.714	228.484	0
2.98004	228.609	228.484	1
2.97706	229.484	228.609	1
2.97408	228.458	229.484	1
2.9711	231.583	228.458	0
2.96813	226.708	228.458	1
2.96517	233.546	226.708	0
2.9622	233.616	226.708	0
2.95924	233.367	226.708	0
2.95628	227.34	226.708	1
2.95332	227.41	227.34	1
2.95037	234.514	227.41	0
2.94742	224.77	227.41	1
2.94447	228.259	224.77	0
2.94153	227.459	224.77	0
2.93859	225.326	224.77	0
2.93565	231.538	224.77	0
2.93271	227.922	224.77	0
2.92978	232.632	224.77	0
2.92685	217.444	224.77	1
2.92392	224.037	217.444	1
2.921	230.712	224.037	0
2.91808	223.662	224.037	1
2.91516	231.381	223.662	0
2.91224	231.078	223.662	0
2.90933	231.236	223.662	0
2.90642	230.684	223.662	0
2.90352	223.662	223.662	1
2.90061	225.152	223.662	1
2.89771	231.332	225.152	0
2.89481	218.434	225.152	1
2.89192	223.39	218.434	0
2.88903	219.28	218.434	0
2.88614	224.006	218.434	0
2.88325	218.349	218.434	1
2.88037	225.78	218.349	0
2.87749	226.192	218.349	0
2.87461	217.212	218.349	1
2.87174	223.654	217.212	0
2.86886	223.639	217.212	0
2.866	209.043	217.212	1
2.86313	216.73	209.043	0
2.86027	216.543	209.043	0
2.85741	209.043	209.043	1
2.85455	209.043	209.043	1
2.85169	209.043	209.043	1
2.84884	209.043	209.043	1
2.84599	211.85	209.043	1
2.84315	212.225	211.85	1
2.8403	219.53	212.225	0
2.83746	206.506	212.225	1
2.83463	206.506	206.506	1
2.83179	206.506	206.506	1
2.82896	213.724	206.506	0
2.82613	212.05	206.506	0
2.82331	199.364	206.506	1
2.82048	207.08	199.364	0
2.81766	204.363	199.364	0
2.81484	199.919	199.364	1
2.81203	206.563	199.919	0
2.80922	198.805	199.919	1
2.80641	205.53	198.805	0
2.8036	203.511	198.805	0
2.8008	201.823	198.805	1
2.798	208.349	201.823	0
2.7952	194.334	201.823	1
2.7924	202.183	194.334	0
2.78961	202.24	194.334	0
2.78682	196.996	194.334	1
2.78403	204.357	196.996	0
2.78125	202.617	196.996	1
2.77847	204.694	202.617	0
2.77569	206.297	202.617	0
2.77292	204.047	202.617	0
2.77014	204.837	202.617	1
2.76737	204.783	204.837	1
2.7646	210.422	204.783	0
2.76184	204.783	204.783	1
2.75908	210.803	204.783	0
2.75632	210.578	204.783	1
2.75356	217.77	210.578	0
2.75081	217.187	210.578	0
2.74806	210.953	210.578	1
2.74531	216.464	210.953	0
2.74257	218.672	210.953	0
2.73982	210.328	210.953	1
2.73708	210.328	210.328	1
2.73435	217.799	210.328	0
2.73161	217.072	210.328	0
2.72888	216.223	210.328	0
2.72615	218.102	210.328	0
2.72342	213.083	210.328	0
2.7207	211.738	210.328	0
2.71798	213.982	210.328	0
2.71526	209.258	210.328	1
2.71255	210.424	209.258	1
2.70983	210.424	210.424	1
2.70713	217.333	210.424	0
2.70442	202.282	210.424	1
2.70171	208.864	202.282	0
2.69901	202.282	202.282	1
2.69631	202.282	202.282	1
2.69362	208.864	202.282	0
2.69092	196.675	202.282	1
2.68823	199.608	196.675	1
2.68554	205.461	199.608	0
2.68286	207.84	199.608	0
2.68018	198.858	199.608	1
2.6775	199.179	198.858	1
2.67482	207.86	199.179	0
2.67214	199.179	199.179	1
2.66947	205.871	199.179	0
2.6668	193.085	199.179	1
2.66413	200.012	193.085	0
2.66147	199.172	193.085	1
2.65881	200.262	199.172	1
2.65615	207.022	200.262	0
2.65349	207.475	200.262	0
2.65084	192.563	200.262	1
2.64819	192.563	192.563	1
2.64554	198.674	192.563	0
2.6429	199.289	192.563	0
2.64025	198.179	192.563	0
2.63761	200.07	192.563	0
2.63497	199.305	192.563	0
2.63234	201.136	192.563	0
2.62971	200.456	192.563	0
2.62708	196.313	192.563	1
2.62445	204.359	196.313	0
2.62183	189.302	196.313	1
2.6192	181.636	189.302	1
2.61659	189.659	181.636	0
2.61397	182.386	181.636	0
2.61135	187.469	181.636	0
2.60874	175.641	181.636	1
2.60613	181.33	175.641	0
2.60353	175.641	175.641	1
2.60093	175.641	175.641	1
2.59832	184.187	175.641	0
2.59573	183.884	175.641	0
2.59313	183.26	175.641	0
2.59054	182.401	175.641	0
2.58795	173.838	175.641	1
2.58536	180.932	173.838	0
2.58277	180.106	173.838	0
2.58019	173.518	173.838	1
2.57761	179.562	173.518	0
2.57503	181.365	173.518	0
2.57246	180.132	173.518	0
2.56989	180.709	173.518	0
2.56732	174.756	173.518	1
2.56475	174.777	174.756	1
2.56218	174.777	174.777	1
2.55962	182.64	174.777	0
2.55706	182.35	174.777	0
2.5545	167.301	174.777	1
2.55195	174.914	167.301	0
2.5494	167.301	167.301	1
2.54685	167.301	167.301	1
2.5443	173.854	167.301	0
2.54176	163.629	167.301	1
2.53922	163.629	163.629	1
2.53668	163.874	163.629	0
2.53414	170.398	163.629	0
2.53161	165.165	163.629	0
2.52907	163.629	163.629	1
2.52654	171.318	163.629	0
2.52402	164.618	163.629	1
2.52149	169.159	164.618	0
2.51897	171.436	164.618	0
2.51645	164.618	164.618	1
2.51394	164.618	164.618	1
2.51142	171.929	164.618	0
2.50891	164.618	164.618	1
2.5064	171.378	164.618	0
2.5039	170.6	164.618	0
2.50139	160.745	164.618	1
2.49889	168.568	160.745	0
2.49639	168.335	160.745	0
2.4939	169.478	160.745	0
2.4914	160.745	160.745	1
2.48891	168.693	160.745	0
2.48642	160.745	160.745	1
2.48394	168.745	160.745	0
2.48145	167.555	160.745	0
2.47897	167.495	160.745	0
2.47649	167.559	160.745	0
2.47401	152.643	160.745	1
2.47154	160.291	152.643	0
2.46907	152.643	152.643	1
2.4666	152.893	152.643	1
2.46413	160.215	152.893	0
2.46167	159.45	152.893	0
2.45921	160.636	152.893	0
2.45675	159.462	152.893	0
2.45429	160.79	152.893	0
2.45184	160.535	152.893	0
2.44939	152.893	152.893	1
2.44694	159.656	152.893	0
2.44449	159.899	152.893	0
2.44204	159.823	152.893	0
2.4396	160.448	152.893	0
2.43716	149.678	152.893	1
2.43473	157.537	149.678	0
2.43229	155.246	149.678	0
2.42986	149.678	149.678	1
2.42743	149.678	149.678	1
2.425	157.677	149.678	0
2.42258	149.678	149.678	1
2.42015	149.678	149.678	1
2.41773	148.04	149.678	1
2.41532	152.29	148.04	0
2.4129	153.82	148.04	1
2.41049	161.642	153.82	0
2.40808	153.646	153.82	1
2.40567	162.242	153.646	0
2.40326	149.652	153.646	1
2.40086	155.705	149.652	0
2.39846	150.254	149.652	1
2.39606	143.939	150.254	1
2.39366	151.186	143.939	0
2.39127	143.939	143.939	1
2.38888	150.328	143.939	0
2.38649	150.783	143.939	0
2.3841	152.225	143.939	0
2.38172	151.209	143.939	0
2.37934	151.533	143.939	0
2.37696	154.397	143.939	0
2.37458	151.187	143.939	0
2.37221	140.189	143.939	1
2.36984	145.688	140.189	0
2.36747	149.249	140.189	0
2.3651	140.189	140.189	1
2.36273	148.666	140.189	0
2.36037	148.966	140.189	0
2.35801	146.808	140.189	0
2.35565	139.939	140.189	1
2.3533	139.939	139.939	1
2.35094	146.679	139.939	0
2.34859	148.858	139.939	0
2.34624	138.848	139.939	1
2.3439	146.283	138.848	0
2.34155	137.234	138.848	1
2.33921	145.021	137.234	0
2.33687	145.678	137.234	0
2.33454	141.934	137.234	0
2.3322	145.435	137.234	0
2.32987	143.207	137.234	0
2.32754	145.545	137.234	0
2.32521	145.831	137.234	0
2.32289	137.234	137.234	1
2.32056	136.984	137.234	1
2.31824	144.529	136.984	0
2.31592	136.984	136.984	1
2.31361	144.539	136.984	0
2.3113	136.984	136.984	1
2.30898	136.845	136.984	1
2.30668	138.54	136.845	1
2.30437	146.142	138.54	0
2.30206	144.729	138.54	0
2.29976	138.499	138.54	1
2.29746	144.755	138.499	0
2.29516	146.247	138.499	0
2.29287	147.129	138.499	0
2.29058	145.667	138.499	0
2.28829	146.102	138.499	0
2.286	146.39	138.499	0
2.28371	144.731	138.499	0
2.28143	146.866	138.499	0
2.27915	146.096	138.499	0
2.27687	145.629	138.499	0
2.27459	138.499	138.499	1
2.27232	143.485	138.499	0
2.27004	147.137	138.499	0
2.26777	145.173	138.499	0
2.26551	144.858	138.499	0
2.26324	146.794	138.499	0
2.26098	138.499	138.499	1
2.25872	147.266	138.499	0
2.25646	145.614	138.499	0
2.2542	138.499	138.499	1
2.25195	138.499	138.499	1
2.24969	146.267	138.499	0
2.24745	146.799	138.499	0
2.2452	145.594	138.499	0
2.24295	145.693	138.499	0
2.24071	137.874	138.499	1
2.23847	136.22	137.874	1
2.23623	143.459	136.22	0
2.23399	136.072	136.22	1
2.23176	140.287	136.072	0
2.22953	135.72	136.072	1
2.2273	131.024	135.72	1
2.22507	128.644	131.024	1
2.22285	139.138	128.644	0
2.22062	135.339	128.644	0
2.2184	129.042	128.644	1
2.21618	134.595	129.042	0
2.21397	136.848	129.042	0
2.21175	135.482	129.042	0
2.20954	124.334	129.042	1
2.20733	131.956	124.334	0
2.20513	133.02	124.334	0
2.20292	132.785	124.334	0
2.20072	132.727	124.334	0
2.19852	133.111	124.334	0
2.19632	130.807	124.334	0
2.19412	131.459	124.334	0
2.19193	132.556	124.334	0
2.18974	131.478	124.334	0
2.18755	131.828	124.334	0
2.18536	131.5	124.334	0
2.18317	126.576	124.334	0
2.18099	128.338	124.334	0
2.17881	129.084	124.334	0
2.17663	124.43	124.334	1
2.17445	133.304	124.43	0
2.17228	131.868	124.43	0
2.17011	125.254	124.43	1
2.16794	127.379	125.254	0
2.16577	131.844	125.254	0
2.1636	130.165	125.254	0
2.16144	133.126	125.254	0
2.15928	129.165	125.254	1
2.15712	136.135	129.165	0
2.15496	136.219	129.165	1
2.15281	142.588	136.219	0
2.15065	143.338	136.219	0
2.1485	143.183	136.219	0
2.14636	135.395	136.219	1
2.14421	141.805	135.395	0
2.14206	143.537	135.395	0
2.13992	137.448	135.395	0
2.13778	135.333	135.395	1
2.13564	142.426	135.333	0
2.13351	144.075	135.333	0
2.13138	136.156	135.333	1
2.12924	136.156	136.156	1
2.12712	141.282	136.156	1
2.12499	143.662	141.282	1
2.12286	143.662	143.662	1
2.12074	145.841	143.662	0
2.11862	151.859	143.662	0
2.1165	151.417	143.662	0
2.11438	152.884	143.662	0
2.11227	151.038	143.662	0
2.11016	151.196	143.662	0
2.10805	147.845	143.662	0
2.10594	149.928	143.662	0
2.10383	149.385	143.662	0
2.10173	143.412	143.662	1
2.09963	143.412	143.412	1
2.09753	151.557	143.412	0
2.09543	152.468	143.412	0
2.09334	140.287	143.412	1
2.09124	147.792	140.287	0
2.08915	147.435	140.287	0
2.08706	130.587	140.287	1
2.08497	137.882	130.587	0
2.08289	130.587	130.587	1
2.08081	139.397	130.587	0
2.07873	130.04	130.587	1
2.07665	138.149	130.04	0
2.07457	138.369	130.04	0
2.0725	130.04	130.04	1
2.07042	137.767	130.04	0
2.06835	129.79	130.04	1
2.06628	138.404	129.79	0
2.06422	137.908	129.79	0
2.06215	136.875	129.79	0
2.06009	136.728	129.79	0
2.05803	129.79	129.79	1
2.05597	138.851	129.79	0
2.05392	129.29	129.79	1
2.05186	137.734	129.29	0
2.04981	124.415	129.29	1
2.04776	122.052	124.415	1
2.04571	129.172	122.052	0
2.04367	130.753	122.052	0
2.04163	122.039	122.052	1
2.03958	125.741	122.039	0
2.03754	131.277	122.039	0
2.03551	131.458	122.039	0
2.03347	128.463	122.039	0
2.03144	130.533	122.039	0
2.02941	130.701	122.039	0
2.02738	123.528	122.039	1
2.02535	131.889	123.528	0
2.02332	127.436	123.528	0
2.0213	131.273	123.528	0
2.01928	123.541	123.528	1
2.01726	132.061	123.541	0
2.01524	132.478	123.541	0
2.01323	130.189	123.541	0
2.01121	126.166	123.541	0
2.0092	129.695	123.541	0
2.00719	123.541	123.541	1
2.00519	123.541	123.541	1
2.00318	119.737	123.541	1
2.00118	126.601	119.737	0
1.99918	128.688	119.737	0
1.99718	118.357	119.737	1
1.99518	126.995	118.357	0
1.99319	122.843	118.357	0
1.99119	122.857	118.357	0
1.9892	125.12	118.357	0
1.98721	118.357	118.357	1
1.98522	125.137	118.357	0
1.98324	116.232	118.357	1
1.98126	123.988	116.232	0
1.97927	124.188	116.232	0
1.9773	124.229	116.232	0
1.97532	116.232	116.232	1
1.97334	122.912	116.232	0
1.97137	116.232	116.232	1
1.9694	118.411	116.232	0
1.96743	124.432	116.232	0
1.96546	124.638	116.232	0
1.9635	125.682	116.232	0
1.96153	116.232	116.232	1
1.95957	124.334	116.232	0
1.95761	124.593	116.232	0
1.95565	125.292	116.232	0
1.9537	124.849	116.232	0
1.95174	122.58	116.232	0
1.94979	117.334	116.232	0
1.94784	124.946	116.232	1
1.9459	132.296	124.946	0
1.94395	129.303	124.946	0
1.94201	124.799	124.946	1
1.94006	128.831	124.799	0
1.93812	132.929	124.799	0
1.93619	124.549	124.799	1
1.93425	126.974	124.549	1
1.93231	133.612	126.974	0
1.93038	135.675	126.974	0
1.92845	126.974	126.974	1
1.92652	133.759	126.974	0
1.9246	132.001	126.974	0
1.92267	126.974	126.974	1
1.92075	129.474	126.974	1
1.91883	137.108	129.474	0
1.91691	129.474	129.474	1
1.91499	132.795	129.474	0
1.91308	135.378	129.474	0
1.91117	137.538	129.474	0
1.90925	133.12	129.474	0
1.90734	127.429	129.474	1
1.90544	133.262	127.429	0
1.90353	135.444	127.429	0
1.90163	127.429	127.429	1
1.89973	130.233	127.429	0
1.89783	135.203	127.429	0
1.89593	132.456	127.429	0
1.89403	135.753	127.429	0
1.89214	128.965	127.429	1
1.89025	136.746	128.965	0
1.88836	136.213	128.965	0
1.88647	136.704	128.965	0
1.88458	128.84	128.965	1
1.8827	126.29	128.84	1
1.88081	133.344	126.29	0
1.87893	129.823	126.29	0
1.87706	132.947	126.29	0
1.87518	133.949	126.29	0
1.8733	126.29	126.29	1
1.87143	135.038	126.29	0
1.86956	132.866	126.29	0
1.86769	134.014	126.29	0
1.86582	127.04	126.29	1
1.86395	134.332	127.04	0
1.86209	136.362	127.04	0
1.86023	131.344	127.04	0
1.85837	118.161	127.04	1
1.85651	122.583	118.161	0
1.85465	118.161	118.161	1
1.8528	125.917	118.161	0
1.85095	127.049	118.161	0
1.8491	124.833	118.161	0
1.84725	118.161	118.161	1
1.8454	127.57	118.161	0
1.84355	123.563	118.161	0
1.84171	118.591	118.161	1
1.83987	127.666	118.591	0
1.83803	126.815	118.591	0
1.83619	126.058	118.591	0
1.83435	118.591	118.591	1
1.83252	127.161	118.591	0
1.83069	126.446	118.591	0
1.82886	125.353	118.591	0
1.82703	127.024	118.591	0
1.8252	118.591	118.591	1
1.82338	118.591	118.591	1
1.82155	126.762	118.591	0
1.81973	125.993	118.591	0
1.81791	126.382	118.591	0
1.81609	122.341	118.591	0
1.81428	117.341	118.591	1
1.81246	124.6	117.341	0
1.81065	117.341	117.341	1
1.80884	117.341	117.341	1
1.80703	122.743	117.341	0
1.80522	115.591	117.341	1
1.80342	124.561	115.591	0
1.80162	123.555	115.591	0
1.79981	123.188	115.591	0
1.79801	122.765	115.591	0
1.79622	115.591	115.591	1
1.79442	123.466	115.591	0
1.79263	115.591	115.591	1
1.79083	124.161	115.591	0
1.78904	115.591	115.591	1
1.78725	124.084	115.591	0
1.78547	124.719	115.591	0
1.78368	123.792	115.591	0
1.7819	115.591	115.591	1
1.78011	123.705	115.591	0
1.77833	123.592	115.591	0
1.77656	123.532	115.591	0
1.77478	115.591	115.591	1
1.773	124.13	115.591	0
1.77123	122.353	115.591	0
1.76946	124.519	115.591	0
1.76769	123.607	115.591	0
1.76592	123.414	115.591	0
1.76416	123.51	115.591	0
1.76239	122.884	115.591	0
1.76063	123.505	115.591	0
1.75887	115.091	115.591	1
1.75711	122.745	115.091	0
1.75535	124.021	115.091	0
1.7536	122.16	115.091	0
1.75185	123.434	115.091	0
1.75009	124.02	115.091	0
1.74834	123.499	115.091	0
1.74659	117.641	115.091	0
1.74485	122.864	115.091	0
1.7431	121.94	115.091	0
1.74136	122.727	115.091	0
1.73962	115.091	115.091	1
1.73788	122.971	115.091	1
1.73614	131.308	122.971	0
1.73441	131.759	122.971	0
1.73267	122.971	122.971	1
1.73094	125.596	122.971	1
1.72921	125.596	125.596	1
1.72748	127.525	125.596	0
1.72575	125.596	125.596	1
1.72402	129.945	125.596	0
1.7223	132.309	125.596	0
1.72058	132.901	125.596	0
1.71886	126.096	125.596	0
1.71714	132.374	125.596	0
1.71542	134.103	125.596	0
1.71371	129.752	125.596	0
1.71199	132.86	125.596	0
1.71028	134.097	125.596	0
1.70857	134.796	125.596	0
1.70686	134.018	125.596	0
1.70516	134.32	125.596	0
1.70345	133.452	125.596	0
1.70175	134.553	125.596	0
1.70004	133.172	125.596	0
1.69834	128.971	125.596	0
1.69665	125.596	125.596	1
1.69495	125.596	125.596	1
1.69325	134.577	125.596	0
1.69156	133.647	125.596	0
1.68987	126.502	125.596	1
1.68818	126.502	126.502	1
1.68649	134.378	126.502	0
1.68481	134.246	126.502	0
1.68312	126.502	126.502	1
1.68144	126.972	126.502	1
1.67976	134.853	126.972	0
1.67808	134.776	126.972	0
1.6764	134.199	126.972	0
1.67472	135.751	126.972	0
1.67305	127.26	126.972	1
1.67137	131.51	127.26	0
1.6697	134.518	127.26	0
1.66803	129.385	127.26	0
1.66636	134.92	127.26	0
1.6647	135.609	127.26	0
1.66303	135.511	127.26	0
1.66137	127.26	127.26	1
1.65971	133.63	127.26	0
1.65805	135.57	127.26	0
1.65639	127.26	127.26	1
1.65474	127.26	127.26	1
1.65308	135.137	127.26	0
1.65143	135.848	127.26	0
1.64978	134.078	127.26	0
1.64813	125.799	127.26	1
1.64648	132.437	125.799	0
1.64483	133.183	125.799	0
1.64319	125.799	125.799	1
1.64154	126.299	125.799	1
1.6399	133.651	126.299	0
1.63826	133.762	126.299	0
1.63662	126.369	126.299	1
1.63499	125.244	126.369	1
1.63335	129.367	125.244	0
1.63172	124.463	125.244	1
1.63009	131.887	124.463	0
1.62846	133.709	124.463	0
1.62683	128.935	124.463	0
1.6252	132.419	124.463	0
1.62358	130.674	124.463	0
1.62195	130.61	124.463	0
1.62033	133.08	124.463	0
1.61871	126.951	124.463	1
1.61709	126.951	126.951	1
1.61547	135.441	126.951	0
1.61386	131.951	126.951	0
1.61225	134.949	126.951	0
1.61063	126.951	126.951	1
1.60902	126.951	126.951	1
1.60741	135.119	126.951	0
1.60581	135.756	126.951	0
1.6042	126.951	126.951	1
1.6026	134.32	126.951	0
1.60099	132.978	126.951	0
1.59939	125.451	126.951	1
1.59779	130.228	125.451	0
1.5962	133.4	125.451	0
1.5946	124.564	125.451	1
1.593	133.549	124.564	0
1.59141	119.498	124.564	1
1.58982	125.998	119.498	0
1.58823	119.498	119.498	1
1.58664	127.624	119.498	0
1.58506	127.253	119.498	0
1.58347	126.915	119.498	0
1.58189	119.498	119.498	1
1.58031	127.862	119.498	0
1.57872	126.736	119.498	0
1.57715	122.766	119.498	0
1.57557	124.693	119.498	0
1.57399	127.514	119.498	0
1.57242	128.705	119.498	0
1.57085	126.634	119.498	0
1.56928	118.529	119.498	1
1.56771	121.606	118.529	0
1.56614	126.963	118.529	0
1.56457	125.029	118.529	0
1.56301	126.754	118.529	0
1.56145	125.909	118.529	0
1.55988	125.941	118.529	0
1.55832	121.708	118.529	1
1.55677	122.583	121.708	1
1.55521	128.771	122.583	0
1.55365	129.863	122.583	0
1.5521	130.934	122.583	0
1.55055	130.411	122.583	0
1.549	130.651	122.583	0
1.54745	130.122	122.583	0
1.5459	129.791	122.583	0
1.54436	129.558	122.583	0
1.54281	130.71	122.583	0
1.54127	131.833	122.583	0
1.53973	130.57	122.583	0
1.53819	128.668	122.583	0
1.53665	123.057	122.583	0
1.53511	126.931	122.583	0
1.53358	129.863	122.583	0
1.53204	131.719	122.583	0
1.53051	130.05	122.583	0
1.52898	131.365	122.583	0
1.52745	120.447	122.583	1
1.52592	120.447	120.447	1
1.5244	128.192	120.447	0
1.52287	121.666	120.447	0
1.52135	119.197	120.447	1
1.51983	119.197	119.197	1
1.51831	127.858	119.197	0
1.51679	126.724	119.197	0
1.51528	119.642	119.197	1
1.51376	128.194	119.642	0
1.51225	111.641	119.642	1
1.51073	115.437	111.641	0
1.50922	119.685	111.641	0
1.50771	119.525	111.641	0
1.50621	110.996	111.641	1
1.5047	116.71	110.996	0
1.5032	119.71	110.996	0
1.50169	119.118	110.996	0
1.50019	119.443	110.996	0
1.49869	118.929	110.996	0
1.49719	117.984	110.996	0
1.49569	110.996	110.996	1
1.4942	110.996	110.996	1
1.4927	110.996	110.996	1
1.49121	118.698	110.996	0
1.48972	119.655	110.996	0
1.48823	119.57	110.996	0
1.48674	118.348	110.996	0
1.48526	116.996	110.996	0
1.48377	119.155	110.996	0
1.48229	118.784	110.996	0
1.4808	119.283	110.996	0
1.47932	117.624	110.996	0
1.47784	110.996	110.996	1
1.47637	119.571	110.996	0
1.47489	113.382	110.996	0
1.47342	115.411	110.996	0
1.47194	120.01	110.996	0
1.47047	119.376	110.996	0
1.469	119.403	110.996	0
1.46753	118.775	110.996	0
1.46606	119.971	110.996	0
1.4646	120.696	110.996	0
1.46313	118.803	110.996	0
1.46167	119.841	110.996	0
1.46021	116.216	110.996	0
1.45875	118.099	110.996	0
1.45729	117.104	110.996	0
1.45583	119.273	110.996	0
1.45438	119.252	110.996	0
1.45292	107.913	110.996	1
1.45147	112.833	107.913	0
1.45002	115.632	107.913	0
1.44857	107.913	107.913	1
1.44712	115.745	107.913	0
1.44567	113.132	107.913	0
1.44423	107.913	107.913	1
1.44278	115.75	107.913	0
1.44134	107.913	107.913	1
1.4399	112.996	107.913	0
1.43846	113.395	107.913	0
1.43702	110.413	107.913	1
1.43558	115.44	110.413	0
1.43415	118.76	110.413	0
1.43271	119.684	110.413	0
1.43128	111.057	110.413	1
1.42985	118.013	111.057	0
1.42842	119.214	111.057	0
1.42699	111.057	111.057	1
1.42556	119.557	111.057	0
1.42414	117.084	111.057	0
1.42271	114.039	111.057	0
1.42129	119.62	111.057	0
1.41987	112.693	111.057	0
1.41845	111.057	111.057	1
1.41703	118.626	111.057	0
1.41561	120.11	111.057	0
1.4142	111.057	111.057	1
1.41278	109.932	111.057	1
1.41137	117.709	109.932	0
1.40996	117.763	109.932	0
1.40855	119.557	109.932	0
1.40714	116.705	109.932	0
1.40573	117.161	109.932	0
1.40433	109.932	109.932	1
1.40292	101.771	109.932	1
1.40152	101.646	101.771	1
1.40012	101.646	101.646	1
1.39872	111.134	101.646	0
1.39732	106.479	101.646	0
1.39592	110.353	101.646	0
1.39453	111.237	101.646	0
1.39313	110.458	101.646	0
1.39174	110.467	101.646	0
1.39035	101.646	101.646	1
1.38896	110.412	101.646	0
1.38757	108.757	101.646	0
1.38618	110.326	101.646	0
1.38479	105.692	101.646	0
1.38341	101.646	101.646	1
1.38203	109.555	101.646	0
1.38064	107.422	101.646	0
1.37926	107.309	101.646	0
1.37788	101.646	101.646	1
1.37651	110.659	101.646	0
1.37513	109.487	101.646	0
1.37376	110.449	101.646	0
1.37238	109.665	101.646	0
1.37101	109.21	101.646	0
1.36964	108.612	101.646	0
1.36827	109.273	101.646	0
1.3669	110.371	101.646	0
1.36553	106.971	101.646	0
1.36417	108.604	101.646	0
1.3628	102.716	101.646	0
1.36144	101.646	101.646	1
1.36008	97.9663	101.646	1
1.35872	100.55	97.9663	0
1.35736	106.646	97.9663	0
1.356	106.415	97.9663	0
1.35465	107.18	97.9663	0
1.35329	97.9663	97.9663	1
1.35194	97.9663	97.9663	1
1.35059	105.562	97.9663	0
1.34924	97.9663	97.9663	1
1.34789	105.633	97.9663	0
1.34654	106.389	97.9663	0
1.34519	97.9663	97.9663	1
1.34385	106.472	97.9663	0
1.3425	105.768	97.9663	0
1.34116	106.018	97.9663	0
1.33982	105.175	97.9663	0
1.33848	105.581	97.9663	0
1.33714	95.4786	97.9663	1
1.3358	95.4786	95.4786	1
1.33447	103.896	95.4786	0
1.33313	104.291	95.4786	0
1.3318	103.264	95.4786	0
1.33047	104.19	95.4786	0
1.32914	98.7323	95.4786	0
1.32781	103.392	95.4786	0
1.32648	99.8393	95.4786	0
1.32516	104.272	95.4786	0
1.32383	95.4786	95.4786	1
1.32251	101.229	95.4786	0
1.32118	103.034	95.4786	0
1.31986	104.147	95.4786	0
1.31854	102.187	95.4786	0
1.31722	100.729	95.4786	0
1.31591	95.4786	95.4786	1
1.31459	103.086	95.4786	0
1.31328	103.682	95.4786	0
1.31196	104.265	95.4786	0
1.31065	104.36	95.4786	0
1.30934	104.329	95.4786	0
1.30803	105.116	95.4786	0
1.30672	104.967	95.4786	0
1.30542	102.229	95.4786	0
1.30411	103.606	95.4786	0
1.30281	104.407	95.4786	0
1.3015	103.581	95.4786	0
1.3002	104.186	95.4786	0
1.2989	103.014	95.4786	0
1.2976	103.217	95.4786	0
1.29631	104.08	95.4786	0
1.29501	104.262	95.4786	0
1.29372	104.188	95.4786	0
1.29242	95.4786	95.4786	1
1.29113	95.4786	95.4786	1
1.28984	95.4786	95.4786	1
1.28855	95.4786	95.4786	1
1.28726	99.1036	95.4786	0
1.28597	104.096	95.4786	0
1.28469	95.4786	95.4786	1
1.2834	104.547	95.4786	0
1.28212	104.388	95.4786	0
1.28084	103.31	95.4786	0
1.27956	103.904	95.4786	0
1.27828	102.377	95.4786	0
1.277	103.765	95.4786	0
1.27572	104.75	95.4786	0
1.27444	104.692	95.4786	0
1.27317	103.081	95.4786	0
1.2719	104.414	95.4786	0
1.27063	104.268	95.4786	0
1.26935	103.834	95.4786	0
1.26809	103.73	95.4786	0
1.26682	102.81	95.4786	0
1.26555	104.801	95.4786	0
1.26428	95.4786	95.4786	1
1.26302	95.4786	95.4786	1
1.26176	103.646	95.4786	0
1.2605	95.4786	95.4786	1
1.25924	103.392	95.4786	0
1.25798	104.547	95.4786	0
1.25672	104.265	95.4786	0
1.25546	103.701	95.4786	0
1.25421	103.508	95.4786	0
1.25295	104.407	95.4786	0
1.2517	104.768	95.4786	0
1.25045	100.06	95.4786	0
1.2492	95.4786	95.4786	1
1.24795	99.158	95.4786	0
1.2467	103.531	95.4786	0
1.24545	95.4786	95.4786	1
1.24421	104.218	95.4786	0
1.24296	100.283	95.4786	0
1.24172	104.686	95.4786	0
1.24048	102.142	95.4786	0
1.23924	103.513	95.4786	0
1.238	96.5487	95.4786	1
1.23676	103.996	96.5487	0
1.23552	105.695	96.5487	0
1.23429	103.598	96.5487	0
1.23305	105.537	96.5487	0
1.23182	105.893	96.5487	0
1.23059	104.832	96.5487	0
1.22936	105.745	96.5487	0
1.22813	104.389	96.5487	0
1.2269	104.418	96.5487	0
1.22567	96.5487	96.5487	1
1.22445	96.5487	96.5487	1
1.22322	96.5487	96.5487	1
1.222	105.236	96.5487	0
1.22078	96.5487	96.5487	1
1.21956	94.7286	96.5487	1
1.21834	103.084	94.7286	0
1.21712	103.512	94.7286	0
1.2159	102.932	94.7286	0
1.21469	103.234	94.7286	0
1.21347	100.704	94.7286	0
1.21226	94.7286	94.7286	1
1.21105	99.8039	94.7286	0
1.20984	102.344	94.7286	0
1.20863	104.522	94.7286	0
1.20742	103.02	94.7286	0
1.20621	104.013	94.7286	0
1.205	103.579	94.7286	0
1.2038	102.173	94.7286	0
1.20259	94.7286	94.7286	1
1.20139	103.797	94.7286	0
1.20019	103.717	94.7286	0
1.19899	102.984	94.7286	0
1.19779	103.095	94.7286	0
1.19659	103.572	94.7286	0
1.1954	94.7286	94.7286	1
1.1942	103.538	94.7286	0
1.19301	103.515	94.7286	0
1.19181	94.7286	94.7286	1
1.19062	94.7286	94.7286	1
1.18943	101.15	94.7286	0
1.18824	94.7286	94.7286	1
1.18705	103.518	94.7286	0
1.18587	104.522	94.7286	0
1.18468	101.229	94.7286	0
1.1835	103.484	94.7286	0
1.18231	103.05	94.7286	0
1.18113	94.7286	94.7286	1
1.17995	102.56	94.7286	0
1.17877	99.6487	94.7286	0
1.17759	102.758	94.7286	0
1.17641	101.115	94.7286	0
1.17524	102.707	94.7286	0
1.17406	103.17	94.7286	0
1.17289	103.541	94.7286	0
1.17171	103.146	94.7286	0
1.17054	103.33	94.7286	0
1.16937	102.403	94.7286	0
1.1682	94.7286	94.7286	1
1.16704	97.5621	94.7286	0
1.16587	102.3	94.7286	0
1.1647	101.226	94.7286	0
1.16354	94.7286	94.7286	1
1.16237	102.264	94.7286	0
1.16121	103.033	94.7286	0
1.16005	99.0893	94.7286	0
1.15889	103.302	94.7286	0
1.15773	94.7286	94.7286	1
1.15657	103.857	94.7286	0
1.15542	103.33	94.7286	0
1.15426	102.403	94.7286	0
1.15311	104.018	94.7286	0
1.15195	103.07	94.7286	0
1.1508	102.655	94.7286	0
1.14965	103.936	94.7286	0
1.1485	103.4	94.7286	0
1.14735	94.7286	94.7286	1
1.14621	99.5055	94.7286	0
1.14506	102.695	94.7286	0
1.14391	103.409	94.7286	0
1.14277	104.467	94.7286	0
1.14163	96.6149	94.7286	0
1.14049	102.662	94.7286	0
1.13935	101.908	94.7286	0
1.13821	100.229	94.7286	0
1.13707	94.7286	94.7286	1
1.13593	94.7286	94.7286	1
1.1348	102.522	94.7286	0
1.13366	103.657	94.7286	0
1.13253	103.134	94.7286	0
1.13139	103.484	94.7286	0
1.13026	102.831	94.7286	0
1.12913	98.9003	94.7286	0
1.128	96.8987	94.7286	0
1.12688	103.397	94.7286	0
1.12575	94.7286	94.7286	1
1.12462	103.44	94.7286	0
1.1235	94.7286	94.7286	1
1.12237	103.084	94.7286	0
1.12125	102.763	94.7286	0
1.12013	94.7286	94.7286	1
1.11901	94.7286	94.7286	1
1.11789	94.7286	94.7286	1
1.11677	103.572	94.7286	0
1.11566	99.0364	94.7286	0
1.11454	94.7286	94.7286	1
1.11343	104.194	94.7286	0
1.11231	101.617	94.7286	0
1.1112	102.325	94.7286	0
1.11009	103.005	94.7286	0
1.10898	102.951	94.7286	0
1.10787	102.701	94.7286	0
1.10676	102.781	94.7286	0
1.10566	102.331	94.7286	0
1.10455	94.7286	94.7286	1
1.10345	103.763	94.7286	0
1.10234	96.4394	94.7286	0
1.10124	103.654	94.7286	0
1.10014	99.1036	94.7286	0
1.09904	103.146	94.7286	0
1.09794	101.115	94.7286	0
1.09684	102.569	94.7286	0
1.09575	101.437	94.7286	0
1.09465	104.013	94.7286	0
1.09356	102.951	94.7286	0
1.09246	94.7286	94.7286	1
1.09137	103.763	94.7286	0
1.09028	102.59	94.7286	0
1.08919	102.984	94.7286	0
1.0881	104.013	94.7286	0
1.08701	102.514	94.7286	0
1.08592	97.1149	94.7286	0
1.08484	102.07	94.7286	0
1.08375	99.6487	94.7286	0
1.08267	94.7286	94.7286	1
1.08159	102.06	94.7286	0
1.0805	94.7286	94.7286	1
1.07942	104.366	94.7286	0
1.07834	103.936	94.7286	0
1.07727	94.7286	94.7286	1
1.07619	103.797	94.7286	0
1.07511	97.3121	94.7286	0
1.07404	103.033	94.7286	0
1.07296	102.594	94.7286	0
1.07189	94.7286	94.7286	1
1.07082	103.538	94.7286	0
1.06975	94.7286	94.7286	1
1.06868	103.596	94.7286	0
1.06761	102.856	94.7286	0
1.06654	103.135	94.7286	0
1.06548	100.142	94.7286	0
1.06441	94.7286	94.7286	1
1.06335	103.02	94.7286	0
1.06228	94.7286	94.7286	1
1.06122	103.408	94.7286	0
1.06016	102.435	94.7286	0
1.0591	100.755	94.7286	0
1.05804	103.17	94.7286	0
1.05698	98.4136	94.7286	0
1.05592	102.831	94.7286	0
1.05487	102.819	94.7286	0
1.05381	102.293	94.7286	0
1.05276	102.561	94.7286	0
1.05171	103.234	94.7286	0
1.05066	103.135	94.7286	0
1.0496	98.8886	94.7286	0
1.04855	99.283	94.7286	0
1.04751	104.429	94.7286	0
1.04646	103.484	94.7286	0
1.04541	100.704	94.7286	0
1.04437	96.8987	94.7286	0
1.04332	103.44	94.7286	0
1.04228	101.226	94.7286	0
1.04124	103.495	94.7286	0
1.0402	94.7286	94.7286	1
1.03916	102.662	94.7286	0
1.03812	103.23	94.7286	0
1.03708	102.701	94.7286	0
1.03604	101.937	94.7286	0
1.03501	94.7286	94.7286	1
1.03397	103.023	94.7286	0
1.03294	94.7286	94.7286	1
1.0319	104.016	94.7286	0
1.03087	104.217	94.7286	0
1.02984	94.7286	94.7286	1
1.02881	103.522	94.7286	0
1.02778	94.7286	94.7286	1
1.02675	102.467	94.7286	0
1.02573	94.7286	94.7286	1
1.0247	102.948	94.7286	0
1.02368	102.173	94.7286	0
1.02265	100.729	94.7286	0
1.02163	97.1149	94.7286	1
1.02061	105.318	97.1149	0
1.01959	106.104	97.1149	0
1.01857	105.795	97.1149	0
1.01755	96.3649	97.1149	1
1.01653	104.613	96.3649	0
1.01552	104.687	96.3649	0
1.0145	96.3649	96.3649	1
1.01349	96.3649	96.3649	1
1.01247	104.158	96.3649	0
1.01146	104.66	96.3649	0
1.01045	104.814	96.3649	0
1.00944	101.865	96.3649	0
1.00843	99.1984	96.3649	0
1.00742	104.081	96.3649	0
1.00641	96.3649	96.3649	1
1.00541	105.579	96.3649	0
1.0044	105.436	96.3649	0
1.0034	103.028	96.3649	0
1.00239	99.6984	96.3649	0
1.00139	105.072	96.3649	0
1.00039	96.3649	96.3649	1
